Month number;Monthly payment;Principal repaid;Interest paid;Principal remaining
1;908,70;75,37;833,33;99924,63
2;908,70;76,00;832,71;99848,64
3;908,70;76,63;832,07;99772,01
4;908,70;77,27;831,43;99694,74
5;908,70;77,91;830,79;99616,83
6;908,70;78,56;830,14;99538,27
7;908,70;79,22;829,49;99459,05
8;908,70;79,88;828,83;99379,18
9;908,70;80,54;828,16;99298,64
10;908,70;81,21;827,49;99217,43
11;908,70;81,89;826,81;99135,54
12;908,70;82,57;826,13;99052,97
13;908,70;83,26;825,44;98969,71
14;908,70;83,95;824,75;98885,75
15;908,70;84,65;824,05;98801,10
16;908,70;85,36;823,34;98715,74
17;908,70;86,07;822,63;98629,67
18;908,70;86,79;821,91;98542,89
19;908,70;87,51;821,19;98455,38
20;908,70;88,24;820,46;98367,14
21;908,70;88,97;819,73;98278,16
22;908,70;89,72;818,98;98188,45
23;908,70;90,46;818,24;98097,98
24;908,70;91,22;817,48;98006,76
25;908,70;91,98;816,72;97914,79
26;908,70;92,74;815,96;97822,04
27;908,70;93,52;815,18;97728,53
28;908,70;94,30;814,40;97634,23
29;908,70;95,08;813,62;97539,15
30;908,70;95,87;812,83;97443,27
31;908,70;96,67;812,03;97346,60
32;908,70;97,48;811,22;97249,12
33;908,70;98,29;810,41;97150,83
34;908,70;99,11;809,59;97051,72
35;908,70;99,94;808,76;96951,78
36;908,70;100,77;807,93;96851,01
37;908,70;101,61;807,09;96749,40
38;908,70;102,46;806,25;96646,95
39;908,70;103,31;805,39;96543,64
40;908,70;104,17;804,53;96439,47
41;908,70;105,04;803,66;96334,43
42;908,70;105,91;802,79;96228,52
43;908,70;106,80;801,90;96121,72
44;908,70;107,69;801,01;96014,03
45;908,70;108,58;800,12;95905,45
46;908,70;109,49;799,21;95795,96
47;908,70;110,40;798,30;95685,56
48;908,70;111,32;797,38;95574,24
49;908,70;112,25;796,45;95461,99
50;908,70;113,18;795,52;95348,80
51;908,70;114,13;794,57;95234,68
52;908,70;115,08;793,62;95119,60
53;908,70;116,04;792,66;95003,56
54;908,70;117,00;791,70;94886,56
55;908,70;117,98;790,72;94768,58
56;908,70;118,96;789,74;94649,62
57;908,70;119,95;788,75;94529,66
58;908,70;120,95;787,75;94408,71
59;908,70;121,96;786,74;94286,75
60;908,70;122,98;785,72;94163,77
61;908,70;124,00;784,70;94039,77
62;908,70;125,04;783,66;93914,73
63;908,70;126,08;782,62;93788,65
64;908,70;127,13;781,57;93661,52
65;908,70;128,19;780,51;93533,33
66;908,70;129,26;779,44;93404,08
67;908,70;130,33;778,37;93273,75
68;908,70;131,42;777,28;93142,33
69;908,70;132,51;776,19;93009,81
70;908,70;133,62;775,08;92876,19
71;908,70;134,73;773,97;92741,46
72;908,70;135,86;772,85;92605,60
73;908,70;136,99;771,71;92468,62
74;908,70;138,13;770,57;92330,49
75;908,70;139,28;769,42;92191,21
76;908,70;140,44;768,26;92050,77
77;908,70;141,61;767,09;91909,16
78;908,70;142,79;765,91;91766,37
79;908,70;143,98;764,72;91622,38
80;908,70;145,18;763,52;91477,20
81;908,70;146,39;762,31;91330,81
82;908,70;147,61;761,09;91183,20
83;908,70;148,84;759,86;91034,36
84;908,70;150,08;758,62;90884,28
85;908,70;151,33;757,37;90732,95
86;908,70;152,59;756,11;90580,36
87;908,70;153,86;754,84;90426,49
88;908,70;155,15;753,55;90271,34
89;908,70;156,44;752,26;90114,90
90;908,70;157,74;750,96;89957,16
91;908,70;159,06;749,64;89798,10
92;908,70;160,38;748,32;89637,72
93;908,70;161,72;746,98;89476,00
94;908,70;163,07;745,63;89312,93
95;908,70;164,43;744,27;89148,51
96;908,70;165,80;742,90;88982,71
97;908,70;167,18;741,52;88815,53
98;908,70;168,57;740,13;88646,96
99;908,70;169,98;738,72;88476,99
100;908,70;171,39;737,31;88305,59
101;908,70;172,82;735,88;88132,77
102;908,70;174,26;734,44;87958,51
103;908,70;175,71;732,99;87782,80
104;908,70;177,18;731,52;87605,62
105;908,70;178,65;730,05;87426,97
106;908,70;180,14;728,56;87246,82
107;908,70;181,64;727,06;87065,18
108;908,70;183,16;725,54;86882,02
109;908,70;184,68;724,02;86697,34
110;908,70;186,22;722,48;86511,12
111;908,70;187,77;720,93;86323,34
112;908,70;189,34;719,36;86134,00
113;908,70;190,92;717,78;85943,08
114;908,70;192,51;716,19;85750,58
115;908,70;194,11;714,59;85556,46
116;908,70;195,73;712,97;85360,73
117;908,70;197,36;711,34;85163,37
118;908,70;199,01;709,69;84964,36
119;908,70;200,66;708,04;84763,70
120;908,70;202,34;706,36;84561,36
121;908,70;204,02;704,68;84357,34
122;908,70;205,72;702,98;84151,62
123;908,70;207,44;701,26;83944,18
124;908,70;209,17;699,53;83735,02
125;908,70;210,91;697,79;83524,11
126;908,70;212,67;696,03;83311,44
127;908,70;214,44;694,26;83097,00
128;908,70;216,23;692,48;82880,78
129;908,70;218,03;690,67;82662,75
130;908,70;219,84;688,86;82442,90
131;908,70;221,68;687,02;82221,23
132;908,70;223,52;685,18;81997,70
133;908,70;225,39;683,31;81772,32
134;908,70;227,26;681,44;81545,05
135;908,70;229,16;679,54;81315,89
136;908,70;231,07;677,63;81084,82
137;908,70;232,99;675,71;80851,83
138;908,70;234,94;673,77;80616,90
139;908,70;236,89;671,81;80380,00
140;908,70;238,87;669,83;80141,13
141;908,70;240,86;667,84;79900,28
142;908,70;242,87;665,84;79657,41
143;908,70;244,89;663,81;79412,52
144;908,70;246,93;661,77;79165,59
145;908,70;248,99;659,71;78916,61
146;908,70;251,06;657,64;78665,54
147;908,70;253,15;655,55;78412,39
148;908,70;255,26;653,44;78157,12
149;908,70;257,39;651,31;77899,73
150;908,70;259,54;649,16;77640,20
151;908,70;261,70;647,00;77378,50
152;908,70;263,88;644,82;77114,62
153;908,70;266,08;642,62;76848,54
154;908,70;268,30;640,40;76580,24
155;908,70;270,53;638,17;76309,71
156;908,70;272,79;635,91;76036,92
157;908,70;275,06;633,64;75761,86
158;908,70;277,35;631,35;75484,51
159;908,70;279,66;629,04;75204,85
160;908,70;281,99;626,71;74922,86
161;908,70;284,34;624,36;74638,51
162;908,70;286,71;621,99;74351,80
163;908,70;289,10;619,60;74062,70
164;908,70;291,51;617,19;73771,18
165;908,70;293,94;614,76;73477,24
166;908,70;296,39;612,31;73180,85
167;908,70;298,86;609,84;72881,99
168;908,70;301,35;607,35;72580,64
169;908,70;303,86;604,84;72276,78
170;908,70;306,39;602,31;71970,39
171;908,70;308,95;599,75;71661,44
172;908,70;311,52;597,18;71349,92
173;908,70;314,12;594,58;71035,80
174;908,70;316,74;591,96;70719,06
175;908,70;319,38;589,33;70399,69
176;908,70;322,04;586,66;70077,65
177;908,70;324,72;583,98;69752,93
178;908,70;327,43;581,27;69425,50
179;908,70;330,15;578,55;69095,35
180;908,70;332,91;575,79;68762,44
181;908,70;335,68;573,02;68426,76
182;908,70;338,48;570,22;68088,28
183;908,70;341,30;567,40;67746,99
184;908,70;344,14;564,56;67402,84
185;908,70;347,01;561,69;67055,83
186;908,70;349,90;558,80;66705,93
187;908,70;352,82;555,88;66353,11
188;908,70;355,76;552,94;65997,35
189;908,70;358,72;549,98;65638,63
190;908,70;361,71;546,99;65276,92
191;908,70;364,73;543,97;64912,19
192;908,70;367,77;540,93;64544,43
193;908,70;370,83;537,87;64173,60
194;908,70;373,92;534,78;63799,68
195;908,70;377,04;531,66;63422,64
196;908,70;380,18;528,52;63042,46
197;908,70;383,35;525,35;62659,11
198;908,70;386,54;522,16;62272,57
199;908,70;389,76;518,94;61882,81
200;908,70;393,01;515,69;61489,80
201;908,70;396,29;512,41;61093,51
202;908,70;399,59;509,11;60693,93
203;908,70;402,92;505,78;60291,01
204;908,70;406,28;502,43;59884,73
205;908,70;409,66;499,04;59475,07
206;908,70;413,08;495,63;59062,00
207;908,70;416,52;492,18;58645,48
208;908,70;419,99;488,71;58225,49
209;908,70;423,49;485,21;57802,00
210;908,70;427,02;481,68;57374,98
211;908,70;430,58;478,12;56944,41
212;908,70;434,16;474,54;56510,24
213;908,70;437,78;470,92;56072,46
214;908,70;441,43;467,27;55631,03
215;908,70;445,11;463,59;55185,92
216;908,70;448,82;459,88;54737,10
217;908,70;452,56;456,14;54284,55
218;908,70;456,33;452,37;53828,22
219;908,70;460,13;448,57;53368,08
220;908,70;463,97;444,73;52904,12
221;908,70;467,83;440,87;52436,28
222;908,70;471,73;436,97;51964,55
223;908,70;475,66;433,04;51488,89
224;908,70;479,63;429,07;51009,26
225;908,70;483,62;425,08;50525,64
226;908,70;487,65;421,05;50037,99
227;908,70;491,72;416,98;49546,27
228;908,70;495,82;412,89;49050,45
229;908,70;499,95;408,75;48550,51
230;908,70;504,11;404,59;48046,39
231;908,70;508,31;400,39;47538,08
232;908,70;512,55;396,15;47025,53
233;908,70;516,82;391,88;46508,71
234;908,70;521,13;387,57;45987,58
235;908,70;525,47;383,23;45462,11
236;908,70;529,85;378,85;44932,26
237;908,70;534,27;374,44;44397,99
238;908,70;538,72;369,98;43859,28
239;908,70;543,21;365,49;43316,07
240;908,70;547,73;360,97;42768,34
241;908,70;552,30;356,40;42216,04
242;908,70;556,90;351,80;41659,14
243;908,70;561,54;347,16;41097,60
244;908,70;566,22;342,48;40531,38
245;908,70;570,94;337,76;39960,44
246;908,70;575,70;333,00;39384,74
247;908,70;580,49;328,21;38804,24
248;908,70;585,33;323,37;38218,91
249;908,70;590,21;318,49;37628,70
250;908,70;595,13;313,57;37033,57
251;908,70;600,09;308,61;36433,49
252;908,70;605,09;303,61;35828,40
253;908,70;610,13;298,57;35218,27
254;908,70;615,22;293,49;34603,05
255;908,70;620,34;288,36;33982,71
256;908,70;625,51;283,19;33357,20
257;908,70;630,72;277,98;32726,47
258;908,70;635,98;272,72;32090,49
259;908,70;641,28;267,42;31449,21
260;908,70;646,62;262,08;30802,59
261;908,70;652,01;256,69;30150,58
262;908,70;657,45;251,25;29493,13
263;908,70;662,92;245,78;28830,21
264;908,70;668,45;240,25;28161,76
265;908,70;674,02;234,68;27487,74
266;908,70;679,64;229,06;26808,10
267;908,70;685,30;223,40;26122,80
268;908,70;691,01;217,69;25431,79
269;908,70;696,77;211,93;24735,02
270;908,70;702,58;206,13;24032,45
271;908,70;708,43;200,27;23324,02
272;908,70;714,33;194,37;22609,68
273;908,70;720,29;188,41;21889,40
274;908,70;726,29;182,41;21163,11
275;908,70;732,34;176,36;20430,77
276;908,70;738,44;170,26;19692,32
277;908,70;744,60;164,10;18947,72
278;908,70;750,80;157,90;18196,92
279;908,70;757,06;151,64;17439,86
280;908,70;763,37;145,33;16676,49
281;908,70;769,73;138,97;15906,76
282;908,70;776,14;132,56;15130,62
283;908,70;782,61;126,09;14348,01
284;908,70;789,13;119,57;13558,87
285;908,70;795,71;112,99;12763,16
286;908,70;802,34;106,36;11960,82
287;908,70;809,03;99,67;11151,79
288;908,70;815,77;92,93;10336,02
289;908,70;822,57;86,13;9513,46
290;908,70;829,42;79,28;8684,04
291;908,70;836,33;72,37;7847,70
292;908,70;843,30;65,40;7004,40
293;908,70;850,33;58,37;6154,07
294;908,70;857,42;51,28;5296,65
295;908,70;864,56;44,14;4432,09
296;908,70;871,77;36,93;3560,32
297;908,70;879,03;29,67;2681,29
298;908,70;886,36;22,34;1794,93
299;908,70;893,74;14,96;901,19
300;908,70;901,19;7,51;0,00
